7
759 17
505 20
375 29
395 39
923 67
663 77
85 72
30
321 1
421 18
7718 20
3365 21
7456 25
6813 29
7584 32
5862 36
3716 38
5956 39
4318 42
2736 44
8390 44
9874 44
9630 53
6587 56
9458 64
6134 72
1362 74
4357 74
163 76
8987 79
9935 82
6459 83
3244 84
2129 86
7723 95
6351 96
1247 97
8061 97
m: 104
9
391 10
85 64
551 41
824 68
649 20
399 18
158 98
830 96
764 35
5
2245 5
271 6
4810 32
9171 34
1015 37
m: 20
8
165 70
140 29
991 43
864 18
111 18
208 25
205 37
878 58
11
9855 19
4621 22
4820 52
7887 53
3611 58
3471 63
3392 68
7815 76
6588 85
2272 89
7856 96
m: 18
4
864 23
192 69
233 94
707 75
20
8660 18
2868 19
4669 19
9103 22
4337 25
6527 25
1775 29
6620 30
3235 46
1121 55
7942 61
879 66
4655 69
8917 70
6500 76
7422 80
4120 85
4187 86
3222 95
7696 95
m: 98
8
171 39
810 96
293 31
968 53
829 56
907 52
77 79
242 24
18
3485 4
2259 7
7424 10
8860 10
8657 12
2908 20
265 21
67 23
1364 29
9340 32
421 38
517 49
526 55
7769 57
6257 61
6439 61
3125 80
9176 98
m: 192
2
570 79
893 75
14
391 6
4077 7
274 15
3213 15
4412 19
6909 22
9475 28
7348 35
5342 37
5039 47
6025 48
5715 49
2011 85
198 88
m: 154
4
660 91
486 79
559 38
373 14
25
3518 8
5249 14
5590 17
1656 21
2078 26
5783 33
4740 48
3852 53
6610 55
3083 56
4370 57
6584 59
7765 65
2903 66
881 69
5841 69
4729 72
4862 72
7555 74
8130 76
7812 81
8488 82
5643 90
4835 97
1159 99
m: 131
7
924 1
313 56
114 99
934 45
303 81
282 34
703 50
1
9320 38
m: 1
6
1000 80
943 70
33 13
907 49
252 65
774 85
47
3226 6
5280 7
6269 7
3235 9
4728 10
1021 11
2915 12
7133 12
5823 14
8455 21
7145 25
8904 25
9555 27
3887 28
243 30
8852 30
745 31
2264 32
374 35
1621 36
533 38
6639 56
6261 57
7294 58
3654 60
2389 61
8205 61
2462 62
4137 64
5215 68
7200 69
267 71
3559 71
2664 73
5713 74
4155 76
4421 76
5605 77
2786 78
493 79
1232 80
6054 88
9172 89
9007 92
3563 94
1136 95
1075 98
m: 284
6
860 24
839 47
663 47
119 74
264 57
510 72
1
5314 100
m: 24
3
686 80
691 50
399 4
2
3703 37
8687 60
m: 4
9
75 85
510 53
270 72
766 100
686 85
526 96
35 95
530 53
286 7
14
5707 21
8153 22
5099 40
3152 46
875 50
4852 62
2123 67
8078 75
2546 76
1194 82
7259 88
6772 89
4161 90
7849 98
m: 60
10
296 80
450 41
487 89
563 81
794 16
946 4
529 32
563 55
877 6
302 82
21
6345 8
8248 16
116 22
820 22
9327 24
6629 29
6421 30
997 33
1300 35
2345 36
3567 44
6388 71
503 73
3187 76
3400 77
2114 80
7998 83
6047 84
9236 84
4238 87
6800 92
m: 10
2
82 63
974 7
14
3670 11
5061 15
4836 19
2743 27
1140 43
8574 49
9440 49
8798 53
8404 54
1695 62
5422 74
271 85
635 87
7986 98
m: 70
9
421 46
833 69
635 91
936 85
533 41
422 33
651 93
229 97
599 95
12
3203 11
3547 17
3529 19
7865 32
4128 34
8113 47
8788 50
5175 56
5394 57
3614 58
5226 76
3784 78
m: 74
9
852 54
629 66
908 49
234 86
497 77
745 81
873 21
747 38
867 28
50
5597 7
2113 9
6487 10
5097 15
8353 15
2371 16
7647 17
8849 18
9640 19
9273 20
1154 23
2916 23
2426 25
6072 26
1436 31
3606 34
1941 35
162 36
4513 37
1315 38
2858 38
5073 40
334 41
5290 41
707 43
5429 43
7724 44
3267 46
5146 47
4473 48
6200 49
6371 49
8069 49
2449 51
1622 52
8140 54
8449 55
7464 69
1105 80
6203 80
8887 84
3849 85
6903 90
4275 94
7374 94
4392 95
9195 95
59 96
2252 96
2416 97
m: 190
8
282 77
1000 92
654 100
474 47
308 70
619 28
509 72
870 22
21
913 3
2767 15
4992 15
6627 16
3405 19
789 23
9876 40
1392 44
4116 46
7438 48
2973 49
4001 49
9633 52
380 58
2746 64
7338 64
6874 67
2807 74
530 82
5965 98
2004 99
m: 50
10
189 27
21 21
133 47
664 15
767 64
834 20
824 63
295 98
91 43
977 95
9
6160 33
7333 42
8625 42
3722 48
2 57
6748 66
3800 73
4433 92
8892 94
m: 15
4
581 27
880 28
258 50
888 54
6
3661 18
4856 20
6300 53
6554 62
708 79
8420 94
m: 27
10
929 75
865 8
400 81
757 65
730 75
383 89
452 90
994 95
322 37
300 47
36
498 5
1222 9
6214 15
7204 16
6529 22
3886 23
7385 24
5142 26
1006 30
5067 30
6726 30
7329 30
7339 37
891 38
3046 42
5585 48
5865 54
1953 60
9385 62
7506 63
3095 67
3993 70
3603 76
1549 77
6925 78
3625 81
6900 84
5100 86
673 87
6603 89
9100 89
804 90
4000 94
9901 95
5413 96
883 97
m: 120
3
205 66
906 84
228 19
2
3515 23
8542 55
m: 19
6
570 65
556 76
37 79
394 100
282 77
392 97
18
1076 3
3315 7
2870 12
4327 18
3910 22
6008 26
1845 31
1236 32
2600 41
8962 42
4431 46
6240 55
7319 59
8351 74
4931 75
8341 82
9514 84
1012 86
m: 141
10
346 49
486 65
528 37
521 81
387 11
112 23
278 61
930 48
868 90
502 17
38
1788 12
516 16
679 17
2164 19
9596 19
6442 20
4091 21
4160 27
5783 29
8757 29
4759 33
7619 35
7865 38
2974 40
867 41
6865 44
5299 47
898 48
5993 51
688 54
6654 57
3194 61
5241 61
6491 65
1284 66
1112 73
2050 76
5053 78
3672 79
7803 82
7003 85
2587 89
6973 90
6242 91
1208 93
2220 97
9426 97
7203 100
m: 76
4
77 79
893 8
824 89
471 98
2
1968 40
5318 80
m: 8
7
34 24
375 34
558 56
631 23
667 39
433 12
867 47
33
1595 4
4095 4
74 7
7324 20
539 23
901 23
3610 29
4382 29
6681 29
8508 29
136 30
9878 32
8035 33
10 35
9928 35
199 39
1722 50
2739 51
9758 54
6264 55
9772 58
4986 64
9849 64
7482 76
4074 77
7349 79
2802 87
4608 87
409 90
7774 90
8479 90
7721 93
7647 97
m: 106
10
6 48
837 73
165 92
103 67
913 47
381 7
412 54
372 63
321 80
890 80
13
9729 15
5126 30
2499 31
2458 43
3097 59
9193 63
3221 64
1546 68
9217 74
1561 86
2140 87
2571 87
7090 99
m: 47
6
935 67
882 81
554 64
650 64
87 7
908 21
1
724 64
m: 7
8
365 5
510 14
396 95
873 20
508 1
742 17
136 18
994 22
49
1566 2
2352 9
7548 9
2801 12
3880 12
3716 13
9523 13
7617 18
9655 18
9682 20
297 22
7348 22
3896 24
1638 25
7391 27
4669 28
4984 28
5584 29
6626 29
436 30
3053 37
4225 37
189 39
7544 40
7353 42
746 47
7205 48
6706 52
2584 56
732 63
401 65
2591 65
5318 67
2581 72
3007 75
812 79
5414 79
7285 82
2984 84
408 87
2970 87
3856 88
6422 88
4200 89
8637 93
4008 94
5048 94
7521 96
4449 100
m: 74
8
909 90
143 42
351 62
963 11
483 22
416 57
886 16
282 36
21
3330 7
7759 15
2473 16
6770 16
5965 29
1680 33
5818 36
7272 41
9480 42
5001 56
1928 64
5711 64
9057 72
42 77
978 77
3841 78
2488 79
6102 85
9097 85
1938 88
794 90
m: 27
8
196 7
452 80
755 92
756 36
871 56
831 29
568 75
19 41
41
6372 7
4017 10
9263 14
5691 16
3922 17
45 18
4218 18
2704 20
2695 25
9276 25
965 30
3492 35
2172 38
5821 43
2476 44
7272 45
34 47
7020 47
1102 54
4550 55
1027 58
5711 58
5778 58
7317 60
7702 61
4520 65
8571 66
5840 68
9256 70
7332 71
6774 73
3565 79
1532 85
2787 86
9217 89
1419 90
9376 90
4646 93
1235 98
5036 99
7682 100
m: 140
8
98 16
188 94
848 47
725 100
312 13
655 90
760 55
712 42
9
1255 3
8377 23
7013 24
6875 50
7022 56
5042 62
2933 86
2531 92
3394 95
m: 42
4
83 13
914 33
706 76
434 92
12
6476 23
2849 31
1964 46
7546 51
5489 52
2907 56
9803 57
7252 77
8301 77
5461 82
9919 91
6374 95
m: 33
5
95 2
745 65
404 59
810 58
728 40
50
1680 9
8928 12
1266 16
6050 17
2080 25
2212 29
8445 29
2433 33
5429 38
7500 38
9142 39
7683 44
6328 45
2553 47
4800 47
7198 47
4672 49
8776 51
7114 52
5160 54
7014 56
5775 57
9735 59
7706 60
8710 60
88 61
6313 63
8319 65
5769 67
6644 70
9916 72
2595 73
2952 75
3782 75
3253 80
4651 80
4241 82
7785 83
4475 84
9810 88
2198 92
2629 92
2787 92
4075 92
476 93
2386 93
4922 95
2022 96
2759 96
155 100
m: 224
3
331 55
717 83
991 53
37
2128 12
8011 13
4438 14
8737 21
8289 25
2044 32
9850 34
6932 38
734 45
1590 47
6841 47
472 51
3984 57
1930 60
3472 60
3891 60
4047 60
7007 60
7296 60
1989 61
3159 63
6978 63
4536 64
7548 64
1761 65
5868 70
2708 72
4199 72
3861 76
4592 77
2281 80
3210 80
5857 87
6154 87
4416 89
5904 93
6264 98
m: 191
4
639 8
812 27
882 20
326 57
11
2730 27
2548 43
2636 44
9150 48
4864 57
3889 72
4657 72
5043 72
760 78
4158 91
6857 96
m: 8
6
400 48
532 42
424 12
519 95
161 60
171 25
3
730 2
6757 98
491 100
m: 12
10
332 88
10 66
885 67
392 16
845 15
709 64
484 7
625 5
429 43
568 12
10
4891 16
2356 24
6741 31
1998 39
7409 45
2839 49
3457 59
122 71
7746 73
9896 95
m: 5
1
284 47
2
3283 12
20 77
m: 47
8
415 64
139 84
37 38
938 84
384 78
952 72
589 33
730 5
48
1549 3
417 5
813 8
2958 15
2052 18
5938 18
8378 18
8307 19
2967 21
1329 23
5879 24
3754 26
1111 28
1668 29
9578 31
2076 32
665 33
5798 33
1202 35
6269 38
3439 40
2675 43
1375 45
3034 45
2211 49
4203 51
6704 51
1048 61
9496 61
4757 63
6990 71
1048 73
4022 73
983 74
8257 74
9242 78
9820 79
3196 82
7865 82
4002 84
9205 84
8147 90
9599 90
6179 93
2056 99
7174 99
4406 100
9546 100
m: 110
5
798 64
562 97
915 94
804 38
338 36
9
1254 5
6420 38
9678 59
7598 64
5288 67
6635 67
9451 94
588 97
3280 97
m: 38
10
405 62
321 8
263 95
924 47
703 78
542 77
82 79
553 61
479 74
927 25
6
2105 9
5075 26
4002 46
4865 46
533 83
3227 98
m: 25
6
331 6
137 43
97 5
739 54
759 79
346 56
2
6716 22
4077 91
m: 6
2
243 66
922 53
13
6809 14
6261 30
2703 32
8162 35
1272 36
562 39
647 44
4832 52
8025 64
2460 65
6117 68
345 85
8212 98
m: 53
9
456 91
990 51
23 61
728 99
71 9
439 86
594 27
731 89
825 66
6
543 6
2292 8
4112 42
7495 52
9096 60
9878 99
m: 27
9
697 19
643 97
700 28
749 54
900 63
746 50
271 95
813 76
373 62
48
254 4
1723 6
6117 8
566 13
527 18
5398 19
6029 19
2857 25
4597 25
6284 35
4635 38
4809 38
7715 38
8087 43
5048 47
4685 55
9388 55
837 56
3267 56
8861 56
3346 57
4515 58
2967 59
9 60
4375 61
6913 61
7326 61
2406 63
5828 69
467 73
5439 74
6493 74
3149 75
1168 78
8018 78
208 83
1723 85
551 86
2618 86
4833 89
8512 91
5241 95
2214 97
2121 99
2570 99
9636 99
160 100
878 100
m: 110
10
825 36
835 80
812 65
617 5
995 82
64 38
479 69
961 14
131 63
345 77
2
3972 48
5302 98
m: 5
5
541 87
826 28
130 58
44 76
430 51
1
7982 23
m: 28
8
192 85
245 96
393 72
51 66
667 38
775 56
695 52
956 66
9
3304 11
7650 16
7570 29
6897 37
9631 45
2308 56
7705 71
6334 73
5291 92
m: 66
10
396 19
953 60
439 49
107 14
321 95
365 64
282 89
219 17
174 4
797 31
14
576 3
4579 30
430 33
3915 46
1165 48
3278 51
769 60
9705 60
1586 62
1499 80
995 84
3570 89
1942 90
9717 94
m: 23
4
167 73
775 40
795 65
939 86
28
22 5
90 8
4127 12
1325 24
7020 24
3213 25
7439 29
8243 31
2740 33
4086 50
1397 58
496 59
1244 61
3009 62
7413 62
1910 63
9892 65
3005 66
9787 66
9769 76
165 79
9920 79
1132 88
7440 89
5540 92
8778 93
9662 96
6149 99
m: 105
8
720 26
445 92
264 46
725 17
253 96
719 47
41 83
857 19
4
2827 14
9340 37
8085 53
3769 57
m: 17
2
754 45
710 28
16
2424 9
2039 11
1777 13
8303 20
438 30
2118 58
5694 60
9505 69
2270 74
5695 77
8378 78
6961 83
4141 86
6762 95
7717 96
6452 97
m: 73
10
919 14
855 23
681 19
202 51
457 89
658 60
172 49
912 82
658 31
803 69
26
1606 3
71 8
8818 11
6256 19
8256 21
4105 27
2775 29
4319 29
4194 49
4428 49
4592 51
5754 61
4582 68
5520 68
6284 74
378 76
3536 76
3105 79
4781 79
5037 79
915 80
6289 80
3789 86
1031 94
5478 94
9801 97
m: 33
5
549 46
792 38
341 24
123 93
770 61
5
7178 21
3326 43
8390 66
3511 78
9642 98
m: 38
5
148 72
727 15
992 27
500 45
925 73
5
3740 8
1180 10
3632 40
7501 47
7682 90
m: 15
4
382 82
841 39
436 25
610 34
23
2279 7
4613 10
1254 17
703 22
5076 41
6205 42
6786 46
5753 47
5454 49
9059 49
6988 50
6592 51
7706 51
2921 53
4636 53
1841 55
9350 55
3916 71
3041 74
7888 79
8466 81
8249 87
5711 98
m: 98
8
655 75
769 89
385 62
591 30
923 15
746 32
444 62
562 35
49
1132 6
7943 8
7351 10
4779 12
6864 14
7899 14
9332 15
5272 17
2029 18
9323 19
2109 20
9976 23
2887 24
7080 25
8905 25
7002 27
5722 30
3089 31
3262 31
1543 34
8341 39
9807 41
5315 42
1836 46
1111 52
6632 52
8612 54
8632 54
3892 59
2978 60
1143 63
6365 64
6916 64
5417 67
405 71
8753 73
9628 73
2396 75
4063 79
5085 82
3877 86
8980 86
1622 87
4440 89
5801 89
7631 93
677 95
571 99
2525 99
m: 276
10
695 55
135 70
21 59
685 14
567 98
204 33
455 5
982 74
280 30
870 87
2
2026 38
808 95
m: 5
6
133 68
493 16
235 76
153 4
687 22
194 51
2
8822 29
4674 85
m: 16
8
499 2
727 99
945 26
512 19
493 2
317 15
985 82
588 45
7
4283 11
2086 45
3702 47
6280 60
7755 70
4659 74
7267 87
m: 2
4
961 73
29 40
779 67
783 35
8
6984 25
9208 30
6370 33
6730 34
8420 57
7075 72
6504 77
1953 82
m: 73
10
535 43
388 25
695 37
696 86
106 98
389 65
823 2
111 97
148 55
790 77
2
8073 35
306 93
m: 2
8
560 23
715 85
12 81
226 81
712 100
210 55
439 78
953 58
5
1609 44
1358 66
9056 71
8755 78
8809 94
m: 23
4
972 42
338 85
629 68
575 98
38
4245 11
1261 12
953 14
6907 15
3073 17
9023 18
8523 22
5459 24
1795 29
6937 30
2726 37
6438 39
6076 43
3624 44
6082 44
9900 48
6489 51
7821 52
8733 53
4110 55
4538 56
5939 57
9085 64
9825 68
8621 71
5542 73
8782 77
9458 80
6974 81
586 82
3684 84
3741 86
3325 88
5446 92
4797 95
3361 98
3597 98
9519 98
m: 293
8
447 92
709 97
361 84
361 92
436 87
501 89
339 17
836 71
10
295 1
6083 7
3914 13
5172 17
5133 22
4822 42
1337 44
6946 63
6275 79
4641 85
m: 168
6
419 8
261 48
949 69
651 8
743 48
579 99
4
7967 58
8486 58
1754 75
5352 78
m: 8
9
45 80
799 39
261 2
923 30
951 93
296 84
171 36
936 72
304 89
14
4890 6
4163 14
9128 17
6949 18
5142 26
2555 39
9110 42
9380 47
9696 47
660 52
179 53
1808 58
5742 85
5108 89
m: 69
10
746 28
84 26
928 95
623 89
257 15
201 97
555 80
631 66
727 37
645 58
22
221 13
2769 16
1814 22
5266 24
5978 25
1361 27
9893 27
7556 31
2059 35
9252 35
108 45
6996 53
7959 55
270 58
6055 62
2802 72
8941 72
229 82
4656 85
6751 88
495 94
9835 97
m: 65
6
952 33
866 69
116 97
19 22
38 9
941 45
41
2502 13
5856 18
9521 19
4732 22
2808 24
6376 24
1493 32
3111 32
9230 34
237 38
6225 41
4948 44
4501 45
8218 45
225 47
74 49
8704 54
4816 57
4828 58
2946 65
5803 66
7958 66
1779 68
5003 70
6219 72
9709 72
4078 73
8241 74
379 77
4927 77
2790 80
2766 82
2990 85
6843 86
1432 88
3051 88
4603 91
3173 94
6321 94
3569 98
3422 100
m: 87
8
820 65
888 76
89 7
162 45
277 34
420 50
564 43
182 36
25
971 6
3762 8
7445 8
2335 22
6006 23
8626 24
4787 25
5396 27
2651 30
5687 30
1950 43
5109 44
9543 45
8141 46
4672 48
6183 49
6306 51
5692 57
4478 62
509 64
7628 67
3011 74
4259 82
7162 83
601 86
m: 148
2
940 56
190 94
16
2670 12
6626 16
3689 18
5633 21
274 36
6280 42
7805 42
4465 43
5196 45
6222 51
6501 58
2925 70
3383 74
8180 86
8572 89
5024 100
m: 150
6
859 50
119 49
225 77
913 18
79 24
540 87
28
395 4
6612 13
2758 16
6144 23
4479 26
2900 27
9323 29
1097 32
8131 50
3444 59
7186 60
728 62
99 63
741 64
4053 64
2823 67
3371 67
7015 72
8718 72
5640 76
9589 79
1779 80
4910 80
9905 86
443 89
8040 90
4907 95
8273 96
m: 68
10
781 79
243 87
911 85
617 35
706 62
473 4
115 50
475 23
257 76
504 2
32
3930 4
819 13
1001 13
6920 14
5287 20
9933 20
1420 21
5367 21
2316 24
3517 24
8916 25
3963 27
8881 32
9930 33
1296 40
5287 42
5824 42
7579 55
8632 56
7727 60
7857 75
394 76
3476 76
5546 78
5543 79
4159 82
7870 83
7817 84
3334 87
3305 90
85 93
8203 97
m: 168
10
416 68
711 46
477 60
854 77
765 96
972 32
204 48
622 27
697 55
340 80
39
1343 7
3651 7
3744 7
6848 9
607 10
6395 10
8686 12
1041 13
4452 14
8256 21
1998 22
3800 33
5725 33
6489 34
6372 37
3509 46
6215 46
8971 48
3531 49
3819 50
8439 52
2044 56
4977 57
4971 58
8658 58
4850 59
3847 68
7354 69
2653 71
5096 72
1351 74
7730 79
1015 84
8117 84
8251 86
5795 89
1298 90
9396 96
8869 100
m: 182
7
385 5
557 30
555 23
913 18
564 71
835 52
127 33
23
5976 8
2495 11
6918 16
4109 25
6813 29
2712 33
6725 36
2806 37
660 43
3177 43
5297 52
1237 54
5174 57
1749 59
5494 65
5972 65
9217 68
9936 71
2201 74
7015 76
7598 83
6017 93
1209 95
m: 23
7
69 6
212 21
422 59
273 7
412 94
378 43
519 92
9
510 1
7430 17
7382 26
6945 31
4454 42
9250 63
9968 66
8774 85
6517 92
m: 99
8
642 70
581 41
375 3
367 43
289 92
234 54
814 18
809 40
44
2486 9
5698 10
4561 16
8895 25
3363 26
3096 27
9002 30
9719 31
5050 32
7213 32
1537 34
5172 34
8597 34
439 40
9426 40
7740 41
1916 42
9204 42
9839 45
515 47
260 48
1236 48
2293 56
3774 60
3600 62
7483 64
8135 64
7648 66
4313 67
7827 70
7156 71
400 74
8636 76
6038 79
2668 80
3990 80
9789 81
2153 82
2239 85
7911 89
9300 92
2964 94
5837 95
2208 99
m: 145
7
794 1
694 60
992 7
198 84
435 70
101 21
72 53
20
3806 10
1378 20
1658 20
6261 23
1287 29
4178 32
6399 40
5389 44
6035 54
7779 54
3832 61
8145 61
8607 70
1975 73
2156 73
958 80
8666 86
1960 94
1617 96
4245 98
m: 7
6
120 25
428 8
974 39
686 22
277 39
325 56
35
3406 11
7800 15
5536 16
8127 17
2167 26
3697 28
7936 29
3602 30
586 32
3993 32
419 38
9785 39
9025 41
2843 43
5330 47
1839 49
673 50
2596 52
7847 52
7826 54
7068 55
3601 56
6581 60
5763 64
6173 64
4562 68
4426 70
3711 76
4350 77
3909 80
9423 87
2583 88
5037 88
5526 88
9689 93
m: 69
9
480 16
690 88
872 17
145 28
143 22
557 21
904 40
786 19
252 24
26
1304 7
166 13
2400 14
9572 16
5738 18
7203 21
580 30
3355 34
3686 36
7422 37
8733 37
4301 43
3842 44
5812 47
1146 48
6243 53
6109 65
2851 67
6243 68
8497 70
9350 72
5676 73
1249 74
7768 80
2389 82
4120 82
m: 36
5
934 34
181 69
435 75
508 70
680 65
6
8678 33
4718 72
2815 84
7368 85
9525 90
3824 94
m: 34
8
737 19
133 25
431 84
202 48
946 20
615 4
955 66
812 7
6
2786 24
4209 28
7143 37
8685 50
3494 59
1509 89
m: 4
4
46 40
866 18
278 94
631 88
6
2327 5
1117 11
2504 11
2376 25
2644 44
9304 51
m: 18
7
623 32
704 63
252 90
923 7
484 63
259 27
101 81
29
359 9
420 10
8704 15
9943 16
5782 18
4881 19
1436 23
3033 26
7287 34
192 36
657 37
6786 42
2773 43
6425 43
8352 47
4541 48
8096 48
2942 64
2465 65
5855 75
2790 76
1897 79
4723 82
7164 87
3876 91
1894 93
9625 93
2104 96
997 100
m: 66
6
397 35
482 60
650 4
823 52
379 83
286 52
16
8063 12
8446 19
9087 20
9508 21
622 23
3892 27
5581 31
5850 47
3670 63
2431 74
3605 77
8005 81
6013 85
3391 89
2135 95
963 98
m: 91
2
565 38
408 18
3
1963 6
8161 86
9279 92
m: 18
3
366 36
836 83
104 43
3
2407 13
2241 46
5362 97
m: 36
10
572 43
174 62
429 1
906 54
657 15
925 68
815 85
805 99
569 2
948 14
23
1346 1
3246 8
5591 9
9749 13
6495 17
4812 21
278 24
7252 27
98 35
5178 50
7718 53
8435 54
679 56
3711 60
2139 69
4686 73
6639 82
2864 84
8142 90
6765 93
7104 93
4349 96
8132 100
m: 57
1
259 40
6
537 43
558 60
5637 69
5527 73
4389 75
3041 95
m: 40
6
308 44
236 56
879 62
863 46
742 41
342 77
4
4985 28
2349 30
1932 71
4825 77
m: 41
3
94 35
442 88
569 60
6
1228 8
4317 19
134 25
6232 44
1438 45
7703 76
m: 60
3
103 4
803 64
982 22
1
710 10
m: 4
6
359 45
201 94
299 75
195 39
732 71
589 71
23
5234 15
4479 21
9102 31
2164 32
5736 37
7848 43
2557 56
1539 62
9388 68
1402 72
7037 81
7091 81
8210 81
2338 85
8076 87
9251 87
7197 89
7265 90
2749 92
2771 92
9311 92
7593 94
1815 99
m: 181
8
888 92
692 73
65 55
596 85
771 100
815 40
649 34
341 63
9
1291 3
5783 7
3782 10
7019 15
2116 60
9564 60
3941 78
415 82
6754 86
m: 125
8
36 54
300 16
56 96
669 88
494 26
166 78
637 19
938 93
29
2459 4
2469 10
3643 10
8365 13
8102 22
8791 27
8109 28
6760 36
2244 37
2700 39
705 44
5280 52
5845 56
5515 57
2683 59
2508 60
3115 67
1443 70
2343 70
638 71
4004 73
3255 77
1198 78
4091 79
6732 88
9262 90
8317 92
6364 95
3226 97
m: 112
3
204 91
487 15
994 69
2
9693 36
4391 51
m: 15
10
545 78
586 66
682 90
94 3
96 49
793 42
397 28
10 9
9 99
811 78
3
3385 11
992 52
5664 72
m: 28
10
390 90
246 96
810 67
581 49
228 29
223 94
711 67
140 17
340 2
94 64
35
366 2
987 9
785 10
5211 10
4983 12
1960 13
7607 13
411 14
5108 14
4557 16
579 17
1359 26
6493 26
9664 27
2522 31
6153 31
9429 41
518 42
1440 48
8322 56
9888 62
1545 63
1051 65
6835 65
5437 79
562 89
4165 89
9376 90
3514 91
4515 91
5157 94
1474 96
6757 96
1758 98
5093 99
m: 182
6
673 9
447 59
738 64
919 67
188 9
311 31
33
2259 9
3060 13
9909 15
7540 16
8060 18
6477 20
9977 26
201 29
1457 34
7133 36
3640 41
7660 44
8656 45
2850 49
8942 55
1255 63
1745 69
2261 74
7297 79
7730 80
9602 80
9631 80
7293 84
9068 85
113 86
6908 86
6818 90
2774 91
4204 92
4566 93
4701 93
3175 94
2498 100
m: 140
6
361 67
78 54
885 31
239 51
173 6
427 83
20
9095 13
756 18
8191 18
8 25
7062 32
6158 33
8557 40
9463 40
9877 42
3108 51
426 60
2884 60
8600 67
1827 80
900 84
7035 84
8050 84
4764 87
1003 88
7333 93
m: 120
9
562 39
966 75
318 1
593 95
708 52
885 50
943 38
263 3
805 11
35
2133 2
2381 6
8012 8
8715 10
5679 16
8063 19
4934 30
791 34
8966 34
9496 42
3504 43
4964 44
1073 45
2619 51
5201 52
3082 54
6768 59
6928 61
6606 62
3838 64
6932 64
5278 66
144 71
851 71
7608 76
1797 80
862 84
4538 84
4609 87
75 89
1727 89
6939 90
4771 97
7193 98
404 99
m: 163
7
23 20
702 49
687 72
189 16
240 76
198 56
915 15
21
584 1
1166 13
1821 14
3809 17
4295 32
851 40
4647 45
5211 47
1630 59
1849 60
4081 60
8488 64
9418 66
4374 74
2434 77
9847 79
6328 84
8427 88
8229 92
8365 97
1245 100
m: 31
4
631 77
260 55
651 76
894 91
37
1155 3
2971 9
2972 9
785 10
2435 11
2898 12
5406 13
9477 14
6414 22
7606 22
2104 23
7819 24
2025 28
580 33
5387 36
6661 42
3502 43
3581 44
4968 44
6763 48
9234 48
9896 50
7170 53
3503 60
9856 60
4307 65
863 67
107 68
8786 74
2863 75
4582 78
519 79
8222 83
4428 84
8188 88
1232 93
701 95
m: 299
2
783 12
208 29
7
1670 45
3958 52
5021 53
6138 56
8547 61
9948 85
7833 92
m: 12
3
776 14
825 47
349 94
10
1696 4
2329 7
1460 13
8863 17
5209 43
6603 61
3134 71
1300 82
6328 99
7454 100
m: 61
2
737 10
924 57
9
3075 13
1929 41
4535 51
9777 58
9104 85
6755 91
2073 99
5574 99
9489 99
m: 10
3
91 69
531 50
771 46
30
1839 5
2773 10
4937 16
5515 18
3706 19
396 21
8422 26
2880 32
3820 33
4211 41
4750 49
3490 53
5278 53
6082 53
2058 54
7116 59
2857 60
629 61
7061 63
77 65
6690 70
2467 71
1871 73
6492 73
3224 76
3901 80
7352 89
4486 94
2709 96
9276 96
m: 165
9
255 79
814 72
105 100
892 84
946 14
579 61
33 38
250 42
968 75
1
7409 77
m: 14
10
838 80
848 49
385 35
904 20
158 61
818 52
364 53
114 10
100 6
170 46
41
1882 7
7625 15
7868 15
8762 15
8527 19
8014 21
3563 26
1738 28
9564 28
7328 30
3155 32
61 37
8426 38
9155 38
1419 46
3666 47
936 49
7475 50
9326 51
9432 52
1486 56
7045 61
222 62
1929 62
3297 62
5785 62
4977 67
1221 72
4778 74
5804 77
9888 79
2624 80
3323 80
7996 81
9781 82
9848 85
1875 88
3054 89
2804 92
2601 93
5973 94
m: 121
9
745 39
819 46
680 43
735 29
838 33
944 42
32 36
753 14
433 65
18
9504 15
5969 16
9460 25
5519 29
1157 32
2323 42
7614 50
4132 54
9434 55
2032 57
9737 69
9263 76
3584 79
543 81
9699 82
5839 85
473 87
6907 95
m: 43
10
204 27
540 65
304 31
7 3
854 16
520 80
643 36
835 14
575 77
257 11
12
2471 10
6147 17
7318 19
3105 26
3788 40
8621 44
1319 49
613 50
2380 55
8472 69
421 78
7338 86
m: 16
8
879 53
281 50
966 61
947 37
812 98
728 13
16 29
43 98
17
2130 12
5139 29
8561 47
3551 56
6305 56
2655 66
7815 68
5691 71
5455 77
6333 80
1922 85
2663 85
4556 93
4961 95
1173 97
242 98
7464 98
m: 37
7
463 86
824 67
226 8
984 10
677 22
162 73
637 8
8
3836 6
1197 22
1773 39
8880 54
2551 77
3854 89
3608 97
4427 99
m: 10
5
833 18
740 8
396 54
983 47
554 41
19
5350 9
7613 10
9591 13
5201 23
6519 26
2867 37
2979 37
9517 41
6859 47
9813 48
3394 58
7367 60
9528 60
1483 71
7351 79
7893 79
4856 89
6614 92
1305 96
m: 67
8
45 3
293 86
324 1
444 2
770 88
224 96
941 30
962 6
1
7404 67
m: 1

115
