4
198 32
589 90
874 78
305 59
1
7255 61
m: 32
6
232 73
29 99
71 88
298 90
647 91
112 13
14
3322 14
7154 23
1952 31
5195 31
5129 51
8522 57
8601 60
8633 60
8633 73
8778 80
2113 82
6384 82
9819 92
9755 93
m: 194
8
325 85
834 51
528 100
430 10
145 65
452 13
980 35
408 84
1
4260 11
m: 10
6
46 80
76 28
688 64
38 67
535 84
676 85
6
195 31
7887 34
4925 48
6768 66
3665 94
4157 100
m: 64
4
215 84
833 23
512 92
872 43
34
2381 5
2938 5
1458 6
6058 6
118 13
3527 13
7596 22
9755 27
1554 31
9463 33
2660 37
7563 39
4259 40
1434 41
2217 41
1178 42
908 44
6852 47
1362 50
8616 50
7445 51
4728 52
9159 55
2282 66
7111 82
5625 85
1559 87
4916 88
2923 94
6124 97
7232 97
6021 98
7344 98
1460 100
m: 242
7
268 15
911 71
359 18
947 5
657 64
638 99
735 57
9
3013 14
9105 14
6281 25
5634 40
8270 48
5632 54
2074 63
2980 78
2521 95
m: 5
8
425 72
959 21
949 19
402 18
393 14
581 57
941 95
869 71
14
776 10
1161 11
1218 11
6188 22
9695 24
2655 26
1650 35
6393 35
4971 47
1892 51
2972 66
6426 72
1566 90
3902 95
m: 19
5
475 15
495 24
876 78
358 28
223 75
23
8062 10
3420 13
3444 13
1939 17
8184 18
1378 25
1227 27
1582 27
6594 27
8707 29
9195 31
3488 36
8840 40
523 41
1296 59
4461 73
9228 79
2734 82
5322 85
531 91
5297 93
2013 96
2607 97
m: 117
4
935 83
858 64
42 38
830 88
37
364 1
1866 6
4559 8
3686 9
3217 10
9140 14
8106 15
1507 20
7206 21
9946 24
2989 30
8084 30
1623 31
3077 31
6153 33
9655 36
5178 38
1693 40
3388 41
7492 43
3749 45
8000 48
9246 49
9631 55
3980 59
40 60
1682 63
8471 64
814 68
6145 69
6680 69
9320 70
6245 73
4718 84
1502 89
9952 95
2288 98
m: 235
9
778 5
383 57
176 34
211 93
671 71
954 54
329 29
874 83
772 1
6
3456 22
2775 24
5848 29
5385 35
4309 59
2489 86
m: 1
2
873 25
336 90
7
837 38
9758 43
4577 44
2147 63
3968 84
7748 96
3345 99
m: 25
7
904 82
282 95
789 5
656 88
984 18
566 94
257 39
2
2681 33
9488 91
m: 5
7
430 8
415 18
926 39
527 46
358 26
308 80
552 42
10
4564 30
4330 33
5475 41
6941 54
2281 60
3894 65
3982 66
5502 73
8777 90
6326 95
m: 26
4
199 64
762 92
178 90
798 30
13
3373 13
6712 14
3821 17
889 23
805 24
7901 42
1920 44
8097 51
570 61
6532 66
2619 76
381 77
8366 78
m: 94
10
25 16
967 73
497 61
779 80
372 25
446 81
578 59
955 16
609 22
609 46
3
3283 11
6096 12
9011 61
m: 16
8
993 37
849 9
751 34
320 38
633 95
594 11
812 6
459 8
4
1908 3
5440 15
5575 65
815 70
m: 6
9
151 86
303 74
46 98
116 53
389 87
529 18
623 24
327 97
662 80
35
2248 7
5134 9
3577 14
5458 16
5542 22
8724 24
1147 28
3648 28
4039 28
3145 29
9598 29
703 32
1814 36
2441 39
3926 39
3902 40
4442 43
2312 44
5344 49
5528 53
5545 53
9508 55
4080 58
1459 60
4328 62
3187 65
4399 70
9900 70
783 78
2416 81
6731 82
8073 88
5476 89
843 91
8965 92
m: 175
7
645 36
766 59
4 4
405 47
956 51
176 28
964 53
12
243 12
684 21
9900 51
1067 58
6837 63
7661 70
4117 78
4715 79
9785 88
2000 91
5252 91
2020 99
m: 36
9
128 95
987 98
90 36
728 69
501 65
541 89
211 84
224 32
624 57
15
2682 16
2490 20
1129 27
1304 27
4882 36
6689 42
5753 63
6453 69
5813 70
6425 71
8236 72
2962 90
2867 94
1924 99
2334 100
m: 69
1
987 9
14
8032 12
913 28
8105 34
2951 43
1686 49
1350 55
6270 59
4597 60
9969 61
6095 67
5620 68
2186 72
2430 91
674 99
m: 9
10
758 46
424 56
776 21
677 76
86 69
593 68
825 45
787 91
114 26
239 44
4
313 12
828 66
2897 73
5064 97
m: 21
7
594 73
816 100
506 47
954 38
150 23
121 55
823 47
10
5753 17
4516 20
8197 29
4264 36
904 37
153 45
2516 77
7658 77
2300 94
5622 94
m: 38
4
981 10
938 24
886 43
442 58
3
8699 44
4163 86
9335 93
m: 10
4
680 84
895 87
553 94
278 10
5
7433 9
9599 51
1053 55
1068 69
9402 91
m: 87
7
63 1
620 42
480 10
186 80
583 81
657 20
495 87
10
3684 14
5012 21
1384 31
598 40
5729 51
6825 54
1123 64
3600 66
3554 93
5714 96
m: 10
6
65 58
872 14
983 78
686 51
559 71
855 10
6
3716 34
3492 59
7792 59
3984 72
2211 75
6067 78
m: 10
9
998 81
139 36
63 4
41 93
277 75
327 35
365 48
644 93
877 64
19
7172 9
2706 16
9091 17
3191 19
4643 23
7583 27
914 28
4539 31
8047 49
7285 51
8012 52
2797 54
2903 54
861 58
2278 59
2945 70
8679 74
4366 95
5611 98
m: 116
6
900 24
427 98
110 68
817 91
530 70
779 10
2
6041 50
3790 67
m: 10
9
115 76
242 64
321 65
877 10
694 35
546 21
681 55
604 79
344 89
29
4306 5
4225 7
127 9
7962 9
6608 10
8146 17
8592 19
6223 20
4561 26
9272 27
6991 38
7697 38
8864 40
4771 41
7805 42
3789 46
275 52
6892 52
8331 54
3625 55
1223 64
9049 65
9969 67
1296 84
8516 85
4834 86
5352 86
6214 88
8252 98
m: 121
6
336 5
884 16
201 87
765 32
760 36
780 53
20
2979 13
3711 13
8994 15
6462 16
2048 27
3870 29
5859 30
5893 33
4072 46
6242 46
8844 54
8873 57
5844 66
2332 72
1133 80
4824 80
9647 87
3470 91
8710 92
5728 99
m: 48
7
713 5
259 4
242 11
858 49
192 57
995 38
214 14
33
1120 7
8369 7
5065 9
3326 10
8043 15
8292 17
7113 26
995 32
7627 35
9068 39
3662 41
3967 42
9297 43
4320 44
7879 45
607 51
8567 55
8342 60
6627 61
7715 63
8355 67
6314 68
5320 70
3816 72
4291 73
6811 73
5898 74
8840 85
4681 89
570 92
3739 93
4928 94
41 97
m: 92
4
974 12
870 8
724 82
436 10
40
1385 2
5064 8
4196 11
7030 23
1662 27
4827 30
5682 34
1275 35
7012 35
9891 36
7586 41
7838 41
9014 41
6253 43
4126 44
7695 45
9869 47
3147 50
7927 53
5156 54
1344 57
63 59
8479 59
8069 61
1906 64
6065 64
141 76
5602 76
5697 79
1040 81
8569 82
6390 85
8585 87
2548 89
3124 89
7537 92
8507 93
8915 96
970 100
6460 100
m: 30
6
811 78
715 69
551 32
994 39
505 29
373 2
16
7551 16
6050 23
4680 27
9459 33
9730 34
3017 42
890 46
8282 49
1733 52
3294 63
3874 66
3988 66
841 68
4596 74
417 91
8674 96
m: 41

33
